        Id      SalePrice
0     1461  311806.057384
1     1462  136843.797535
2     1463  200507.189114
3     1464  200507.189114
4     1465  205730.184948
5     1466  200507.189114
6     1467  200507.189114
7     1468  144218.207324
8     1469  205730.184948
9     1470  205730.184948
10    1471  205730.184948
11    1472  116309.801121
12    1473  116309.801121
13    1474  200507.189114
14    1475  116309.801121
15    1476  396012.837134
16    1477  311806.057384
17    1478  396012.837134
18    1479  266290.053095
19    1480  396012.837134
20    1481  311806.057384
21    1482  200507.189114
22    1483  200507.189114
23    1484  200507.189114
24    1485  144218.207324
25    1486  200507.189114
26    1487  311806.057384
27    1488  283833.837072
28    1489  226833.582311
29    1490  205730.184948
...    ...            ...
1429  2890  136843.797535
1430  2891  144218.207324
1431  2892  136843.797535
1432  2893  136843.797535
1433  2894  136843.797535
1434  2895  200507.189114
1435  2896  205730.184948
1436  2897  205730.184948
1437  2898  224161.822571
1438  2899  200507.189114
1439  2900  205730.184948
1440  2901  205730.184948
1441  2902  200507.189114
1442  2903  304696.588348
1443  2904  266290.053095
1444  2905  136843.797535
1445  2906  283833.837072
1446  2907  116309.801121
1447  2908  136843.797535
1448  2909  311806.057384
1449  2910  116309.801121
1450  2911  116309.801121
1451  2912  136843.797535
1452  2913  116309.801121
1453  2914  116309.801121
1454  2915  116309.801121
1455  2916  116309.801121
1456  2917  205730.184948
1457  2918  136843.797535
1458  2919  224161.822571

[1459 rows x 2 columns]